county_cd	County Type	year	Population	Total self-supplied groundwater withdrawals, in Mgal/d	Total self-supplied surface-water withdrawals, in Mgal/d	Total self-supplied withdrawals, in Mgal/d	Total consumptive use, fresh, in Mgal/d	Total conveyance loss, in Mgal/d	 Total sprinkler irrigation, in thousand acres	Total microirrigation, in thousand acres	Total surface irrigation, in thousand acres	Total irrigation, in thousand acres	Total reclaimed wastewater, in Mgal/d	$E-Total conveyance loss, in Mgal/d
1.000	Urban	1985.000	276.470	36.790	32.670	69.460	38.000	14.910	6.060	$null$	21.360	27.420	0.700	18.159
1.000	Urban	1990.000	265.040	45.730	37.660	83.390	47.750	16.970	7.140	$null$	25.110	32.250	0.300	22.562
1.000	Urban	1995.000	303.300	37.060	38.500	75.560	40.650	16.870	6.720	0.000	23.690	30.410	1.300	19.538
1.000	Urban	2000.000	363.860	15.030	29.670	44.700	$null$	$null$	13.050	0.000	14.520	27.570	$null$	6.363
1.000	Urban	2005.000	399.426	1.020	111.720	112.740	$null$	$null$	16.310	0.000	13.540	29.850	$null$	29.955
1.000	Urban	2010.000	441.603	16.100	129.370	145.470	$null$	$null$	18.400	0.000	12.190	30.590	$null$	42.989
1.000	Urban	2015.000	491.337	3.770	83.260	87.030	9.360	$null$	14.840	0.000	4.440	19.280	$null$	23.699
3.000	Rural	1985.000	12.500	102.290	244.590	346.880	152.200	102.950	15.990	$null$	93.180	109.170	0.000	102.872
3.000	Rural	1990.000	13.620	174.940	159.630	334.570	221.720	39.670	63.650	$null$	88.700	152.350	0.000	85.833
3.000	Rural	1995.000	14.220	116.760	293.860	410.620	170.360	135.140	46.090	0.000	60.580	106.670	0.000	125.388
3.000	Rural	2000.000	14.970	123.120	99.560	222.680	$null$	$null$	108.170	0.000	1.100	109.270	$null$	47.304
3.000	Rural	2005.000	15.282	185.070	44.250	229.320	$null$	$null$	73.220	0.000	39.350	112.570	$null$	57.387
3.000	Rural	2010.000	15.445	115.550	33.840	149.390	$null$	$null$	69.770	0.000	47.740	117.510	$null$	20.956
3.000	Rural	2015.000	16.496	84.110	52.500	136.610	61.920	$null$	63.930	0.000	43.730	107.660	$null$	17.286
5.000	Urban	1985.000	371.590	7.920	0.900	8.820	6.310	0.760	3.390	$null$	1.520	4.910	0.570	-0.046
5.000	Urban	1990.000	391.510	6.830	0.750	7.580	5.090	0.640	2.200	$null$	0.970	3.170	0.570	0.042
5.000	Urban	1995.000	449.100	4.840	0.610	5.450	3.630	0.480	2.200	0.000	0.980	3.180	0.500	-0.914
5.000	Urban	2000.000	487.970	2.530	0.680	3.210	$null$	$null$	3.360	0.000	0.000	3.360	$null$	-2.114
5.000	Urban	2005.000	529.090	1.760	11.160	12.920	$null$	$null$	3.990	0.000	0.000	3.990	$null$	1.239
5.000	Urban	2010.000	572.003	1.910	14.790	16.700	$null$	$null$	4.460	0.000	0.600	5.060	$null$	2.313
5.000	Urban	2015.000	631.096	2.050	1.510	3.560	2.360	$null$	3.780	0.000	0.300	4.080	$null$	-2.274
7.000	Frontier	1985.000	5.230	0.080	30.390	30.470	9.720	1.950	0.530	$null$	8.220	8.750	0.000	6.735
7.000	Frontier	1990.000	5.350	0.090	40.310	40.400	9.140	9.270	0.940	$null$	14.600	15.540	0.000	8.462
7.000	Frontier	1995.000	7.100	0.860	45.300	46.160	16.370	8.070	1.280	0.000	19.170	20.450	0.000	9.228
7.000	Frontier	2000.000	9.900	0.130	64.330	64.460	$null$	$null$	0.190	0.000	16.760	16.950	$null$	17.216
7.000	Frontier	2005.000	11.886	0.000	69.240	69.240	$null$	$null$	1.000	0.000	19.660	20.660	$null$	17.841
7.000	Frontier	2010.000	12.084	0.000	56.020	56.020	$null$	$null$	1.030	0.000	20.790	21.820	$null$	12.512
7.000	Frontier	2015.000	12.352	0.110	41.840	41.950	24.220	$null$	1.150	0.000	19.620	20.770	$null$	7.504
9.000	Frontier	1985.000	4.820	88.090	0.470	88.560	40.980	8.990	8.860	$null$	50.160	59.020	0.000	19.720
9.000	Frontier	1990.000	4.560	90.200	0.260	90.460	81.400	9.190	16.700	$null$	52.900	69.600	0.000	16.648
9.000	Frontier	1995.000	4.380	104.260	0.000	104.260	48.540	10.420	16.280	0.000	51.530	67.810	0.000	23.477
9.000	Frontier	2000.000	4.520	110.940	0.000	110.940	$null$	$null$	57.940	0.060	20.130	78.130	$null$	18.886
9.000	Frontier	2005.000	4.069	122.170	0.000	122.170	$null$	$null$	69.110	0.000	16.860	85.970	$null$	20.428
9.000	Frontier	2010.000	3.788	96.750	0.060	96.810	$null$	$null$	118.160	0.000	37.070	155.230	$null$	-16.639
9.000	Frontier	2015.000	3.615	125.070	0.170	125.240	44.570	$null$	63.720	0.000	9.050	72.770	$null$	26.241
11.000	Frontier	1985.000	5.740	25.560	339.630	365.190	151.850	137.900	0.380	$null$	61.320	61.700	0.000	119.553
11.000	Frontier	1990.000	5.050	18.700	154.010	172.710	129.000	43.010	0.000	$null$	69.790	69.790	0.000	44.109
11.000	Frontier	1995.000	5.520	7.280	417.220	424.500	179.140	150.790	0.000	0.000	63.280	63.280	0.000	140.140
11.000	Frontier	2000.000	6.000	6.720	316.950	323.670	$null$	$null$	0.000	0.000	58.520	58.520	$null$	103.440
11.000	Frontier	2005.000	5.558	6.170	97.760	103.930	$null$	$null$	0.050	0.000	59.100	59.150	$null$	20.306
11.000	Frontier	2010.000	6.499	14.980	134.670	149.650	$null$	$null$	3.470	0.010	50.850	54.330	$null$	39.242
11.000	Frontier	2015.000	5.830	7.270	160.540	167.810	50.640	$null$	6.990	0.000	39.650	46.640	$null$	47.356
13.000	Urban	1985.000	210.640	12.620	153.590	166.210	79.380	62.070	0.880	$null$	41.920	42.800	0.000	48.950
13.000	Urban	1990.000	225.340	12.910	143.960	156.870	79.410	56.790	0.990	$null$	47.160	48.150	0.000	43.880
13.000	Urban	1995.000	253.850	7.460	109.890	117.350	52.520	43.220	0.670	0.000	31.960	32.630	0.000	33.108
13.000	Urban	2000.000	291.290	3.870	101.350	105.220	$null$	$null$	0.000	0.000	33.940	33.940	$null$	27.956
13.000	Urban	2005.000	280.440	0.000	148.800	148.800	$null$	$null$	2.490	0.000	36.720	39.210	$null$	42.298
13.000	Urban	2010.000	294.567	0.040	145.440	145.480	$null$	$null$	5.770	0.000	42.430	48.200	$null$	38.070
13.000	Urban	2015.000	319.372	0.020	103.740	103.760	30.100	$null$	5.500	0.000	24.090	29.590	$null$	27.769
14.000	Urban	2005.000	43.478	0.000	2.000	2.000	$null$	$null$	0.310	0.000	2.720	3.030	$null$	-2.325
14.000	Urban	2010.000	55.889	0.000	1.390	1.390	$null$	$null$	0.490	0.000	1.100	1.590	$null$	-2.157
14.000	Urban	2015.000	65.065	0.000	1.380	1.380	0.620	$null$	0.430	0.000	0.410	0.840	$null$	-1.936
15.000	Rural	1985.000	12.270	0.000	55.920	55.920	23.470	22.370	0.920	$null$	17.410	18.330	0.000	13.502
15.000	Rural	1990.000	12.680	0.000	112.000	112.000	20.300	56.300	2.000	$null$	18.600	20.600	0.000	33.879
15.000	Rural	1995.000	14.410	0.000	51.560	51.560	21.850	18.560	1.500	0.000	13.460	14.960	0.000	12.772
15.000	Rural	2000.000	16.240	0.000	68.950	68.950	$null$	$null$	4.640	0.000	17.430	22.070	$null$	16.917
15.000	Rural	2005.000	16.968	0.020	99.310	99.330	$null$	$null$	3.900	0.000	15.420	19.320	$null$	29.262
15.000	Rural	2010.000	17.809	0.030	80.530	80.560	$null$	$null$	4.640	0.000	6.810	11.450	$null$	24.387
15.000	Rural	2015.000	18.658	0.010	115.230	115.240	12.380	$null$	4.440	0.000	10.810	15.250	$null$	36.387
17.000	Frontier	1985.000	2.470	17.680	5.250	22.930	17.920	3.030	11.390	$null$	6.140	17.530	0.000	1.452
17.000	Frontier	1990.000	2.400	25.010	0.000	25.010	22.510	2.490	13.890	$null$	7.460	21.350	0.000	1.399
17.000	Frontier	1995.000	2.310	21.240	4.060	25.300	21.580	1.510	11.960	0.000	6.440	18.400	0.000	2.297
17.000	Frontier	2000.000	2.230	29.080	3.180	32.260	$null$	$null$	23.370	0.000	2.320	25.690	$null$	2.124
17.000	Frontier	2005.000	1.953	23.960	0.290	24.250	$null$	$null$	23.270	0.000	2.180	25.450	$null$	-1.201
17.000	Frontier	2010.000	1.836	32.670	0.000	32.670	$null$	$null$	0.660	0.000	1.320	1.980	$null$	11.967
17.000	Frontier	2015.000	1.829	29.350	0.000	29.350	16.410	$null$	21.140	0.000	4.780	25.920	$null$	1.228
19.000	Rural	1985.000	7.730	0.000	0.000	0.000	0.000	0.000	0.000	$null$	0.000	0.000	0.000	-2.164
19.000	Rural	1990.000	7.620	0.000	0.000	0.000	0.000	0.000	0.000	$null$	0.000	0.000	0.000	-2.164
19.000	Rural	1995.000	8.740	0.000	0.000	0.000	0.000	0.000	0.000	0.000	0.000	0.000	0.000	-2.164
19.000	Rural	2000.000	9.320	0.000	0.000	0.000	$null$	$null$	0.000	0.000	0.000	0.000	$null$	-2.164
19.000	Rural	2005.000	9.197	0.000	0.000	0.000	$null$	$null$	0.000	0.000	0.000	0.000	$null$	-2.164
19.000	Rural	2010.000	9.088	0.000	0.170	0.170	$null$	$null$	0.000	0.000	0.020	0.020	$null$	-2.106
19.000	Rural	2015.000	9.303	0.000	0.000	0.000	0.000	$null$	0.000	0.000	0.000	0.000	$null$	-2.164
21.000	Frontier	1985.000	8.000	28.920	497.520	526.440	213.450	200.460	3.830	$null$	136.500	140.330	0.000	157.397
21.000	Frontier	1990.000	7.450	84.670	241.180	325.850	212.370	51.760	18.140	$null$	121.060	139.200	0.000	84.644
21.000	Frontier	1995.000	7.810	27.040	700.190	727.230	262.500	309.440	22.810	0.000	87.880	110.690	0.000	239.518
21.000	Frontier	2000.000	8.400	33.530	219.320	252.850	$null$	$null$	39.480	0.000	71.060	110.540	$null$	59.222
21.000	Frontier	2005.000	8.512	25.020	346.370	371.390	$null$	$null$	29.460	0.000	69.870	99.330	$null$	107.679
21.000	Frontier	2010.000	8.256	51.620	314.910	366.530	$null$	$null$	37.020	0.000	85.460	122.480	$null$	100.272
21.000	Frontier	2015.000	8.130	51.750	242.220	293.970	100.940	$null$	39.740	0.000	78.710	118.450	$null$	73.776
23.000	Frontier	1985.000	3.390	15.700	145.310	161.010	60.190	61.870	6.300	$null$	48.720	55.020	0.000	43.064
23.000	Frontier	1990.000	3.190	70.300	75.910	146.210	94.150	11.390	21.170	$null$	41.630	62.800	0.000	37.666
23.000	Frontier	1995.000	3.380	20.500	175.670	196.170	65.740	78.950	10.480	0.000	28.120	38.600	0.000	60.999
23.000	Frontier	2000.000	3.660	50.130	49.650	99.780	$null$	$null$	29.730	0.000	24.870	54.600	$null$	20.067
23.000	Frontier	2005.000	3.424	38.090	114.110	152.200	$null$	$null$	22.590	0.000	22.590	45.180	$null$	42.472
23.000	Frontier	2010.000	3.524	33.010	102.140	135.150	$null$	$null$	30.340	0.000	18.680	49.020	$null$	33.680
23.000	Frontier	2015.000	3.584	34.380	58.470	92.850	22.210	$null$	28.390	0.000	16.380	44.770	$null$	19.276
25.000	Frontier	1985.000	3.260	2.130	113.780	115.910	48.470	45.690	0.660	$null$	21.460	22.120	0.000	35.222
25.000	Frontier	1990.000	3.950	7.230	58.200	65.430	43.100	18.300	0.160	$null$	25.000	25.160	0.000	15.731
25.000	Frontier	1995.000	4.300	3.420	59.610	63.030	29.660	21.740	0.130	0.000	12.680	12.810	0.000	18.134
25.000	Frontier	2000.000	5.520	0.510	96.520	97.030	$null$	$null$	0.000	0.000	20.810	20.810	$null$	28.431
25.000	Frontier	2005.000	5.401	3.760	63.640	67.400	$null$	$null$	0.000	0.000	16.440	16.440	$null$	18.767
25.000	Frontier	2010.000	5.823	3.410	8.460	11.870	$null$	$null$	0.670	0.010	8.840	9.520	$null$	-0.269
25.000	Frontier	2015.000	5.562	3.410	8.460	11.870	4.020	$null$	0.650	0.020	6.490	7.160	$null$	0.422
27.000	Frontier	1985.000	2.130	0.000	33.090	33.090	13.860	13.240	0.630	$null$	16.240	16.870	0.000	5.345
27.000	Frontier	1990.000	1.930	0.280	25.100	25.380	18.500	6.880	0.640	$null$	22.510	23.150	0.000	0.630
27.000	Frontier	1995.000	2.700	0.290	40.820	41.110	19.150	14.720	0.500	0.000	16.130	16.630	0.000	8.477
27.000	Frontier	2000.000	3.500	0.000	48.850	48.850	$null$	$null$	0.000	0.000	18.300	18.300	$null$	10.945
27.000	Frontier	2005.000	3.860	0.090	43.170	43.260	$null$	$null$	0.060	0.000	24.790	24.850	$null$	6.932
27.000	Frontier	2010.000	4.255	0.110	26.640	26.750	$null$	$null$	0.250	0.000	23.270	23.520	$null$	1.070
27.000	Frontier	2015.000	4.445	0.050	34.730	34.780	23.780	$null$	0.260	0.000	25.320	25.580	$null$	3.495
29.000	Rural	1985.000	23.990	2.680	750.610	753.290	152.560	60.800	1.010	$null$	85.150	86.160	0.000	257.076
29.000	Rural	1990.000	20.980	2.140	659.310	661.450	144.440	158.340	0.830	$null$	68.940	69.770	0.000	227.171
29.000	Rural	1995.000	25.080	2.620	692.330	694.950	176.590	242.450	0.970	0.000	81.470	82.440	0.000	236.147
29.000	Rural	2000.000	27.830	2.490	669.680	672.170	$null$	$null$	0.000	0.000	72.200	72.200	$null$	230.628
29.000	Rural	2005.000	29.947	0.150	402.470	402.620	$null$	$null$	0.960	0.080	48.680	49.720	$null$	135.208
29.000	Rural	2010.000	30.952	0.220	345.950	346.170	$null$	$null$	2.410	0.080	80.420	82.910	$null$	104.105
29.000	Rural	2015.000	29.979	0.010	341.460	341.470	87.240	$null$	7.340	0.040	70.030	77.410	$null$	103.355
31.000	Urban	1985.000	510.910	0.000	0.000	0.000	0.000	0.000	0.000	$null$	0.000	0.000	0.000	-2.164
31.000	Urban	1990.000	467.610	0.000	0.000	0.000	0.000	0.000	0.000	$null$	0.000	0.000	0.000	-2.164
31.000	Urban	1995.000	494.460	0.000	0.000	0.000	0.000	0.000	0.000	0.000	0.000	0.000	0.000	-2.164
31.000	Urban	2000.000	554.640	0.000	0.000	0.000	$null$	$null$	0.000	0.000	0.000	0.000	$null$	-2.164
31.000	Urban	2005.000	557.917	0.290	1.150	1.440	$null$	$null$	1.180	0.000	0.000	1.180	$null$	-2.073
31.000	Urban	2010.000	600.158	0.400	0.610	1.010	$null$	$null$	1.020	0.000	0.000	1.020	$null$	-2.163
31.000	Urban	2015.000	682.545	0.670	0.860	1.530	1.670	$null$	2.050	0.000	0.350	2.400	$null$	-2.462
33.000	Frontier	1985.000	1.580	0.170	5.030	5.200	1.460	0.550	0.100	$null$	1.100	1.200	0.000	-0.550
33.000	Frontier	1990.000	1.500	0.910	13.880	14.790	9.210	3.790	0.650	$null$	7.270	7.920	0.000	1.109
33.000	Frontier	1995.000	1.590	1.330	26.170	27.500	11.570	6.870	0.650	0.000	7.250	7.900	0.000	5.942
33.000	Frontier	2000.000	1.840	1.710	52.520	54.230	$null$	$null$	13.060	0.000	0.000	13.060	$null$	13.175
33.000	Frontier	2005.000	1.827	3.750	1.230	4.980	$null$	$null$	6.730	0.000	1.630	8.360	$null$	-3.182
33.000	Frontier	2010.000	2.064	0.000	5.100	5.100	$null$	$null$	2.580	0.000	5.980	8.560	$null$	-3.016
33.000	Frontier	2015.000	1.978	0.000	4.160	4.160	3.670	$null$	2.600	0.000	5.540	8.140	$null$	-3.250
35.000	Urban	1985.000	36.760	2.140	5.780	7.920	4.380	2.420	1.870	$null$	1.640	3.510	0.000	-0.244
35.000	Urban	1990.000	60.390	3.990	10.240	14.230	8.050	4.190	2.860	$null$	2.510	5.370	0.000	1.625
35.000	Urban	1995.000	99.580	3.120	9.330	12.450	6.620	3.790	2.860	0.000	2.510	5.370	1.670	0.888
35.000	Urban	2000.000	175.770	1.560	9.340	10.900	$null$	$null$	1.930	0.000	3.690	5.620	$null$	0.217
35.000	Urban	2005.000	249.416	3.590	13.150	16.740	$null$	$null$	3.290	0.000	2.710	6.000	$null$	2.311
35.000	Urban	2010.000	285.465	1.860	13.810	15.670	$null$	$null$	1.880	0.000	2.200	4.080	$null$	2.492
35.000	Urban	2015.000	322.387	1.640	10.100	11.740	3.350	$null$	2.060	0.000	0.660	2.720	$null$	1.368
37.000	Rural	1985.000	18.260	0.570	217.280	217.850	38.390	52.880	1.500	$null$	31.890	33.390	0.000	70.194
37.000	Rural	1990.000	21.930	0.630	176.360	176.990	42.880	52.950	1.430	$null$	30.610	32.040	0.000	55.183
37.000	Rural	1995.000	28.840	0.370	127.140	127.510	24.610	38.160	0.960	0.000	20.630	21.590	0.000	39.587
37.000	Rural	2000.000	41.660	0.420	129.040	129.460	$null$	$null$	0.000	0.000	18.010	18.010	$null$	41.474
37.000	Rural	2005.000	47.530	0.010	145.660	145.670	$null$	$null$	2.170	0.000	19.460	21.630	$null$	46.265
37.000	Rural	2010.000	52.197	0.010	126.570	126.580	$null$	$null$	4.940	0.000	13.590	18.530	$null$	39.656
37.000	Rural	2015.000	53.605	0.010	132.130	132.140	17.970	$null$	6.910	0.000	13.990	20.900	$null$	40.846
39.000	Frontier	1985.000	8.490	7.620	2.540	10.160	5.400	1.510	2.430	$null$	2.580	5.010	0.000	0.515
39.000	Frontier	1990.000	9.650	16.410	5.360	21.770	12.920	3.110	4.230	$null$	4.470	8.700	0.000	4.282
39.000	Frontier	1995.000	14.560	23.300	8.100	31.400	18.330	4.620	6.540	0.000	6.970	13.510	0.000	6.778
39.000	Frontier	2000.000	19.870	8.770	7.130	15.900	$null$	$null$	12.920	0.000	0.470	13.390	$null$	-0.836
39.000	Frontier	2005.000	22.788	1.080	11.060	12.140	$null$	$null$	4.560	0.000	0.820	5.380	$null$	0.426
39.000	Frontier	2010.000	23.086	2.360	8.400	10.760	$null$	$null$	2.760	0.000	0.700	3.460	$null$	0.760
39.000	Frontier	2015.000	24.735	3.490	11.650	15.140	3.960	$null$	3.610	0.000	2.870	6.480	$null$	1.525
41.000	Urban	1985.000	368.750	11.420	11.100	22.520	11.840	5.350	4.310	$null$	5.250	9.560	1.440	3.931
41.000	Urban	1990.000	397.010	20.200	26.590	46.790	12.290	21.900	5.280	$null$	6.460	11.740	1.400	13.006
41.000	Urban	1995.000	465.800	9.740	17.780	27.520	14.150	7.180	5.080	0.000	6.210	11.290	0.650	5.103
41.000	Urban	2000.000	516.930	3.610	11.350	14.960	$null$	$null$	5.580	0.000	2.720	8.300	$null$	0.718
41.000	Urban	2005.000	565.582	6.110	27.850	33.960	$null$	$null$	9.030	0.000	4.410	13.440	$null$	6.196
41.000	Urban	2010.000	622.263	5.690	25.570	31.260	$null$	$null$	7.370	0.000	3.990	11.360	$null$	5.935
41.000	Urban	2015.000	674.471	6.780	1.800	8.580	8.410	$null$	6.930	0.000	5.120	12.050	$null$	-2.692
43.000	Rural	1985.000	30.300	0.320	46.090	46.410	19.430	18.460	0.380	$null$	9.940	10.320	0.000	12.327
43.000	Rural	1990.000	32.270	4.780	145.000	149.780	18.700	52.400	0.490	$null$	11.700	12.190	0.000	51.105
43.000	Rural	1995.000	39.790	1.840	110.770	112.610	47.690	40.020	0.460	0.000	12.180	12.640	0.000	36.733
43.000	Rural	2000.000	46.150	0.200	107.080	107.280	$null$	$null$	0.000	0.000	22.490	22.490	$null$	31.786
43.000	Rural	2005.000	47.766	0.160	127.190	127.350	$null$	$null$	0.240	0.000	15.790	16.030	$null$	41.207
43.000	Rural	2010.000	46.824	0.530	116.360	116.890	$null$	$null$	1.430	0.020	11.330	12.780	$null$	38.107
43.000	Rural	2015.000	46.692	0.160	95.320	95.480	9.330	$null$	1.240	0.070	12.200	13.510	$null$	29.825
45.000	Rural	1985.000	25.150	2.360	543.610	545.970	95.450	132.820	2.930	$null$	58.980	61.910	0.000	185.671
45.000	Rural	1990.000	29.970	2.350	394.270	396.620	98.750	118.180	2.430	$null$	48.900	51.330	0.000	132.455
45.000	Rural	1995.000	35.340	2.610	545.920	548.530	109.090	163.900	3.000	0.000	60.190	63.190	0.000	186.276
45.000	Rural	2000.000	43.790	2.230	407.700	409.930	$null$	$null$	0.000	0.000	43.540	43.540	$null$	140.003
45.000	Rural	2005.000	49.810	6.380	326.060	332.440	$null$	$null$	1.130	0.000	50.300	51.430	$null$	108.659
45.000	Rural	2010.000	56.389	0.120	242.040	242.160	$null$	$null$	5.970	0.000	38.500	44.470	$null$	75.614
45.000	Rural	2015.000	58.095	0.210	234.240	234.450	60.160	$null$	10.140	0.000	46.080	56.220	$null$	68.832
47.000	Rural	1985.000	2.760	0.000	0.000	0.000	0.000	0.000	0.000	$null$	0.000	0.000	0.000	-2.164
47.000	Rural	1990.000	3.070	0.000	0.000	0.000	0.000	0.000	0.000	$null$	0.000	0.000	0.000	-2.164
47.000	Rural	1995.000	3.580	0.000	0.000	0.000	0.000	0.000	0.000	0.000	0.000	0.000	0.000	-2.164
47.000	Rural	2000.000	4.760	0.000	0.000	0.000	$null$	$null$	0.000	0.000	0.000	0.000	$null$	-2.164
47.000	Rural	2005.000	4.932	0.000	0.000	0.000	$null$	$null$	0.000	0.000	0.000	0.000	$null$	-2.164
47.000	Rural	2010.000	5.441	0.000	0.000	0.000	$null$	$null$	0.000	0.000	0.000	0.000	$null$	-2.164
47.000	Rural	2015.000	5.828	0.000	0.000	0.000	0.000	$null$	0.000	0.000	0.000	0.000	$null$	-2.164
49.000	Frontier	1985.000	9.660	0.000	142.130	142.130	22.660	35.260	0.610	$null$	30.970	31.580	0.000	42.209
49.000	Frontier	1990.000	7.970	0.000	161.670	161.670	41.160	48.500	0.970	$null$	49.320	50.290	0.000	44.101
49.000	Frontier	1995.000	9.190	0.000	201.330	201.330	40.740	60.400	0.920	0.000	46.960	47.880	0.000	59.770
49.000	Frontier	2000.000	12.440	0.000	107.810	107.810	$null$	$null$	0.000	0.000	27.410	27.410	$null$	30.541
49.000	Frontier	2005.000	13.211	0.000	224.980	224.980	$null$	$null$	0.420	0.000	30.360	30.780	$null$	73.720
49.000	Frontier	2010.000	14.843	0.050	183.820	183.870	$null$	$null$	1.060	0.000	40.240	41.300	$null$	55.084
49.000	Frontier	2015.000	14.615	0.000	183.290	183.290	37.130	$null$	1.150	0.000	42.960	44.110	$null$	54.035
51.000	Rural	1985.000	11.170	1.670	229.380	231.050	49.350	17.350	0.190	$null$	47.370	47.560	0.000	71.283
51.000	Rural	1990.000	10.270	1.750	267.160	268.910	56.450	64.200	0.200	$null$	49.510	49.710	0.000	84.946
51.000	Rural	1995.000	11.930	2.140	280.360	282.500	69.100	98.220	0.250	0.000	61.630	61.880	0.000	86.559
51.000	Rural	2000.000	13.960	1.780	237.420	239.200	$null$	$null$	0.000	0.000	46.760	46.760	$null$	74.620
51.000	Rural	2005.000	14.226	0.220	669.630	669.850	$null$	$null$	0.180	0.000	41.480	41.660	$null$	238.441
51.000	Rural	2010.000	15.324	0.850	552.450	553.300	$null$	$null$	0.700	0.000	56.090	56.790	$null$	190.060
51.000	Rural	2015.000	16.067	0.000	520.530	520.530	58.370	$null$	0.720	0.000	57.230	57.950	$null$	177.293
53.000	Frontier	1985.000	0.410	0.000	3.270	3.270	0.740	0.310	0.000	$null$	1.200	1.200	0.000	-1.279
53.000	Frontier	1990.000	0.470	0.000	9.220	9.220	2.280	2.210	0.000	$null$	2.640	2.640	0.000	0.547
53.000	Frontier	1995.000	0.650	0.000	13.090	13.090	4.940	2.820	0.010	0.000	5.560	5.570	0.000	1.154
53.000	Frontier	2000.000	0.790	0.010	9.590	9.600	$null$	$null$	0.000	0.000	2.440	2.440	$null$	0.749
53.000	Frontier	2005.000	0.765	0.010	40.150	40.160	$null$	$null$	0.000	0.000	5.330	5.330	$null$	11.438
53.000	Frontier	2010.000	0.843	0.000	26.970	26.970	$null$	$null$	0.000	0.000	6.100	6.100	$null$	6.237
53.000	Frontier	2015.000	0.774	0.210	20.240	20.450	11.940	$null$	0.000	0.000	5.880	5.880	$null$	3.857
55.000	Frontier	1985.000	7.250	4.090	50.540	54.630	22.690	20.540	0.020	$null$	11.970	11.990	0.000	15.266
55.000	Frontier	1990.000	6.010	0.030	34.000	34.030	23.000	11.000	0.000	$null$	15.100	15.100	0.000	6.287
55.000	Frontier	1995.000	6.360	0.000	89.380	89.380	41.470	32.180	0.000	0.000	19.600	19.600	0.000	25.858
55.000	Frontier	2000.000	7.860	1.480	65.100	66.580	$null$	$null$	0.000	0.000	15.770	15.770	$null$	18.481
55.000	Frontier	2005.000	7.771	0.000	36.230	36.230	$null$	$null$	0.480	0.000	16.930	17.410	$null$	6.389
55.000	Frontier	2010.000	6.711	0.000	35.230	35.230	$null$	$null$	1.120	0.000	13.920	15.040	$null$	6.630
55.000	Frontier	2015.000	6.492	0.000	38.070	38.070	9.030	$null$	0.940	0.000	11.800	12.740	$null$	8.390
57.000	Frontier	1985.000	1.640	0.000	340.350	340.350	134.450	85.090	0.030	$null$	100.330	100.360	0.000	97.060
57.000	Frontier	1990.000	1.610	0.000	354.320	354.320	147.050	88.580	0.040	$null$	109.460	109.500	0.000	99.672
57.000	Frontier	1995.000	1.540	0.000	399.760	399.760	138.330	111.940	0.030	0.000	85.500	85.530	0.000	123.786
57.000	Frontier	2000.000	1.580	0.000	322.560	322.560	$null$	$null$	0.000	0.000	104.370	104.370	$null$	89.186
57.000	Frontier	2005.000	1.448	0.000	426.870	426.870	$null$	$null$	0.000	0.000	114.410	114.410	$null$	125.621
57.000	Frontier	2010.000	1.394	0.000	347.130	347.130	$null$	$null$	0.000	0.000	112.270	112.270	$null$	96.159
57.000	Frontier	2015.000	1.356	0.000	340.400	340.400	63.930	$null$	0.000	0.000	90.390	90.390	$null$	99.981
59.000	Urban	1985.000	415.100	0.890	16.030	16.920	8.940	6.460	0.760	$null$	4.060	4.820	0.700	2.800
59.000	Urban	1990.000	438.430	1.130	18.930	20.060	10.260	7.450	1.020	$null$	5.460	6.480	0.000	3.491
59.000	Urban	1995.000	484.870	0.380	8.070	8.450	3.840	3.160	0.390	0.000	2.030	2.420	0.700	0.305
59.000	Urban	2000.000	527.060	0.560	21.610	22.170	$null$	$null$	0.000	0.000	7.140	7.140	$null$	4.166
59.000	Urban	2005.000	526.801	0.360	33.940	34.300	$null$	$null$	2.530	0.000	4.360	6.890	$null$	8.519
59.000	Urban	2010.000	534.543	0.270	14.700	14.970	$null$	$null$	2.800	0.000	2.410	5.210	$null$	1.678
59.000	Urban	2015.000	565.524	0.190	22.080	22.270	2.890	$null$	2.380	0.000	0.930	3.310	$null$	5.025
61.000	Frontier	1985.000	1.890	7.330	0.740	8.070	3.980	0.880	2.290	$null$	1.510	3.800	0.000	0.072
61.000	Frontier	1990.000	1.690	6.330	0.030	6.360	5.960	0.410	0.770	$null$	3.740	4.510	0.000	-0.686
61.000	Frontier	1995.000	1.630	14.200	0.000	14.200	8.270	1.140	0.910	0.000	4.490	5.400	0.000	2.589
61.000	Frontier	2000.000	1.620	26.390	2.140	28.530	$null$	$null$	5.360	0.000	3.390	8.750	$null$	7.442
61.000	Frontier	2005.000	1.422	14.980	0.160	15.140	$null$	$null$	1.300	0.000	3.310	4.610	$null$	3.188
61.000	Frontier	2010.000	1.398	4.900	0.000	4.900	$null$	$null$	4.460	0.000	4.840	9.300	$null$	-3.147
61.000	Frontier	2015.000	1.423	1.710	0.000	1.710	1.630	$null$	1.860	0.000	2.990	4.850	$null$	-3.008
63.000	Frontier	1985.000	7.790	143.660	0.000	143.660	114.570	7.180	61.440	$null$	61.460	122.900	0.000	20.265
63.000	Frontier	1990.000	7.140	191.470	0.000	191.470	170.220	7.660	72.950	$null$	72.930	145.880	0.000	33.933
63.000	Frontier	1995.000	7.300	163.200	0.000	163.200	145.070	6.520	75.450	0.000	75.440	150.890	0.570	19.409
63.000	Frontier	2000.000	8.010	185.320	0.000	185.320	$null$	$null$	123.580	0.000	24.030	147.610	$null$	25.020
63.000	Frontier	2005.000	7.642	204.740	0.380	205.120	$null$	$null$	151.690	0.000	11.140	162.830	$null$	26.400
63.000	Frontier	2010.000	8.270	126.500	0.000	126.500	$null$	$null$	149.220	0.000	8.500	157.720	$null$	-7.379
63.000	Frontier	2015.000	7.758	110.880	0.000	110.880	92.940	$null$	121.000	0.000	12.690	133.690	$null$	-4.322
65.000	Rural	1985.000	6.980	0.000	3.330	3.330	1.390	1.330	0.000	$null$	4.720	4.720	0.000	-2.280
65.000	Rural	1990.000	6.010	0.000	25.100	25.100	2.790	7.740	2.860	$null$	2.860	5.720	0.000	5.325
65.000	Rural	1995.000	6.300	0.000	7.130	7.130	3.190	2.570	3.210	0.000	3.210	6.420	0.000	-1.698
65.000	Rural	2000.000	7.810	0.000	39.640	39.640	$null$	$null$	0.000	0.000	34.060	34.060	$null$	2.888
65.000	Rural	2005.000	7.738	0.030	12.590	12.620	$null$	$null$	0.020	0.000	1.800	1.820	$null$	2.068
65.000	Rural	2010.000	7.310	0.020	11.450	11.470	$null$	$null$	0.040	0.000	0.200	0.240	$null$	2.090
65.000	Rural	2015.000	7.485	0.050	13.960	14.010	1.580	$null$	0.040	0.000	2.120	2.160	$null$	2.493
67.000	Rural	1985.000	30.840	0.890	360.340	361.230	112.460	22.960	0.980	$null$	82.000	82.980	0.000	109.952
67.000	Rural	1990.000	32.280	0.580	286.350	286.930	63.250	65.890	0.710	$null$	60.440	61.150	0.000	88.274
67.000	Rural	1995.000	38.310	1.210	364.750	365.960	132.960	51.130	1.100	0.000	93.220	94.320	0.000	108.450
67.000	Rural	2000.000	43.940	0.460	210.860	211.320	$null$	$null$	6.990	0.000	33.070	40.060	$null$	65.173
67.000	Rural	2005.000	47.452	0.350	368.460	368.810	$null$	$null$	8.540	0.000	54.720	63.260	$null$	117.665
67.000	Rural	2010.000	51.334	0.120	321.030	321.150	$null$	$null$	9.660	0.000	62.840	72.500	$null$	96.855
67.000	Rural	2015.000	54.688	0.270	321.870	322.140	72.690	$null$	14.250	0.000	61.260	75.510	$null$	95.855
69.000	Rural	1985.000	170.280	62.670	229.550	292.220	143.560	93.500	7.920	$null$	98.970	106.890	0.000	80.834
69.000	Rural	1990.000	186.140	57.890	194.800	252.690	132.050	77.710	7.040	$null$	87.850	94.890	0.000	69.147
69.000	Rural	1995.000	217.220	39.910	178.420	218.330	102.040	70.390	5.580	0.000	69.610	75.190	0.000	60.724
69.000	Rural	2000.000	251.490	23.700	188.360	212.060	$null$	$null$	4.290	0.000	77.180	81.470	$null$	55.458
69.000	Rural	2005.000	271.927	0.140	419.220	419.360	$null$	$null$	2.160	0.010	83.010	85.180	$null$	131.059
69.000	Rural	2010.000	299.630	0.830	363.080	363.910	$null$	$null$	17.670	0.010	68.070	85.750	$null$	108.301
69.000	Rural	2015.000	333.577	0.150	118.980	119.130	44.750	$null$	21.520	0.010	32.610	54.140	$null$	24.662
71.000	Frontier	1985.000	14.290	5.550	140.240	145.790	61.190	56.550	1.600	$null$	28.410	30.010	0.000	44.353
71.000	Frontier	1990.000	13.770	11.600	48.610	60.210	54.200	6.020	0.000	$null$	30.600	30.600	0.000	12.526
71.000	Frontier	1995.000	14.270	1.850	110.120	111.970	52.050	39.810	0.000	0.000	27.160	27.160	0.000	32.322
71.000	Frontier	2000.000	15.210	2.280	116.160	118.440	$null$	$null$	0.000	0.000	23.370	23.370	$null$	35.897
71.000	Frontier	2005.000	15.446	0.020	62.570	62.590	$null$	$null$	0.030	0.000	24.890	24.920	$null$	14.202
71.000	Frontier	2010.000	15.507	0.010	66.890	66.900	$null$	$null$	0.380	0.000	21.470	21.850	$null$	16.681
71.000	Frontier	2015.000	14.058	0.020	21.070	21.090	18.680	$null$	0.080	0.000	21.120	21.200	$null$	-0.379
73.000	Frontier	1985.000	4.650	5.880	0.000	5.880	3.210	0.430	1.490	$null$	1.610	3.100	0.000	-0.571
73.000	Frontier	1990.000	4.530	6.820	0.120	6.940	6.210	0.530	3.240	$null$	2.090	5.330	0.000	-0.943
73.000	Frontier	1995.000	5.600	15.770	0.000	15.770	10.100	1.150	5.520	0.000	2.380	7.900	0.000	2.060
73.000	Frontier	2000.000	6.090	19.290	0.000	19.290	$null$	$null$	5.010	0.000	2.210	7.220	$null$	3.906
73.000	Frontier	2005.000	5.618	3.180	1.570	4.750	$null$	$null$	3.400	0.000	1.250	4.650	$null$	-1.863
73.000	Frontier	2010.000	5.467	2.590	0.860	3.450	$null$	$null$	3.210	0.000	1.690	4.900	$null$	-2.450
73.000	Frontier	2015.000	5.557	3.450	1.090	4.540	1.560	$null$	4.810	0.000	2.220	7.030	$null$	-2.771
75.000	Frontier	1985.000	19.820	73.330	162.660	235.990	121.380	68.730	19.160	$null$	76.660	95.820	0.000	62.389
75.000	Frontier	1990.000	17.570	89.790	184.430	274.220	149.720	76.270	20.470	$null$	81.850	102.320	0.000	76.014
75.000	Frontier	1995.000	17.870	90.540	235.490	326.030	163.020	96.250	21.690	0.000	86.750	108.440	0.000	93.702
75.000	Frontier	2000.000	20.500	52.370	253.350	305.720	$null$	$null$	31.200	0.000	87.690	118.890	$null$	79.077
75.000	Frontier	2005.000	20.719	0.700	279.960	280.660	$null$	$null$	29.800	0.000	73.950	103.750	$null$	70.298
75.000	Frontier	2010.000	22.709	53.370	104.390	157.760	$null$	$null$	68.360	0.000	44.020	112.380	$null$	21.092
75.000	Frontier	2015.000	22.036	59.280	83.840	143.120	116.990	$null$	82.310	0.000	20.220	102.530	$null$	17.326
77.000	Rural	1985.000	88.580	4.130	1300.500	1304.630	257.990	284.490	3.840	$null$	111.240	115.080	0.000	456.472
77.000	Rural	1990.000	93.150	3.650	911.510	915.160	203.630	270.570	3.050	$null$	88.240	91.290	0.000	316.501
77.000	Rural	1995.000	106.550	3.110	939.940	943.050	174.160	284.570	3.440	0.000	99.260	102.700	0.000	323.622
77.000	Rural	2000.000	116.260	4.140	1117.360	1121.500	$null$	$null$	0.000	0.000	89.720	89.720	$null$	395.181
77.000	Rural	2005.000	129.872	0.220	891.560	891.780	$null$	$null$	0.890	0.000	85.010	85.900	$null$	309.230
77.000	Rural	2010.000	146.723	0.260	742.100	742.360	$null$	$null$	9.410	0.000	72.850	82.260	$null$	252.971
77.000	Rural	2015.000	148.513	0.030	756.930	756.960	107.580	$null$	10.780	0.010	76.460	87.250	$null$	256.861
79.000	Frontier	1985.000	0.800	0.000	2.240	2.240	0.800	0.510	0.160	$null$	1.400	1.560	0.000	-1.790
79.000	Frontier	1990.000	0.560	0.000	4.510	4.510	2.690	0.840	0.030	$null$	1.990	2.020	0.000	-1.053
79.000	Frontier	1995.000	0.630	0.000	1.920	1.920	0.720	0.270	0.100	0.000	0.890	0.990	0.000	-1.739
79.000	Frontier	2000.000	0.830	0.000	0.000	0.000	$null$	$null$	0.000	0.000	0.000	0.000	$null$	-2.164
79.000	Frontier	2005.000	0.932	0.000	14.330	14.330	$null$	$null$	0.000	0.000	2.060	2.060	$null$	2.643
79.000	Frontier	2010.000	0.712	0.000	15.610	15.610	$null$	$null$	0.020	0.000	1.510	1.530	$null$	3.278
79.000	Frontier	2015.000	0.726	0.160	6.860	7.020	3.210	$null$	0.050	0.000	1.410	1.460	$null$	0.066
81.000	Rural	1985.000	12.610	0.630	212.480	213.110	36.740	39.510	2.070	$null$	27.490	29.560	0.000	69.461
81.000	Rural	1990.000	11.360	0.850	229.830	230.680	51.820	52.620	2.890	$null$	38.410	41.300	0.000	72.602
81.000	Rural	1995.000	12.140	0.800	190.840	191.640	45.160	53.830	2.400	0.000	31.740	34.140	0.000	60.005
81.000	Rural	2000.000	13.180	0.850	192.520	193.370	$null$	$null$	0.970	0.000	35.400	36.370	$null$	60.172
81.000	Rural	2005.000	13.417	0.680	152.820	153.500	$null$	$null$	2.330	0.000	18.350	20.680	$null$	49.528
81.000	Rural	2010.000	13.795	0.630	150.910	151.540	$null$	$null$	3.610	0.000	23.280	26.890	$null$	46.837
81.000	Rural	2015.000	12.937	0.050	121.130	121.180	18.230	$null$	6.300	0.000	23.860	30.160	$null$	34.089
83.000	Rural	1985.000	18.030	0.700	235.220	235.920	73.490	17.470	2.380	$null$	44.330	46.710	0.000	73.051
83.000	Rural	1990.000	18.670	0.670	312.170	312.840	73.680	71.890	2.430	$null$	45.110	47.540	0.000	101.822
83.000	Rural	1995.000	21.590	1.100	306.950	308.050	117.930	43.520	3.610	0.000	66.930	70.540	0.000	93.229
83.000	Rural	2000.000	23.830	1.050	420.330	421.380	$null$	$null$	20.470	0.000	35.860	56.330	$null$	138.240
83.000	Rural	2005.000	24.778	0.000	246.410	246.410	$null$	$null$	16.050	0.010	44.300	60.360	$null$	71.471
83.000	Rural	2010.000	25.535	0.000	245.420	245.420	$null$	$null$	17.790	0.010	53.450	71.250	$null$	67.738
83.000	Rural	2015.000	26.168	0.000	185.090	185.090	75.770	$null$	19.400	0.010	53.840	73.250	$null$	44.216
85.000	Rural	1985.000	25.570	4.000	660.070	664.070	145.140	53.650	1.450	$null$	78.580	80.030	0.000	225.247
85.000	Rural	1990.000	24.420	4.060	653.190	657.250	160.060	158.410	1.680	$null$	90.920	92.600	0.000	218.998
85.000	Rural	1995.000	28.830	3.680	631.310	634.990	170.600	215.690	1.740	0.000	93.960	95.700	0.000	209.664
85.000	Rural	2000.000	33.430	4.130	584.620	588.750	$null$	$null$	0.000	0.000	81.650	81.650	$null$	196.530
85.000	Rural	2005.000	37.482	0.000	672.340	672.340	$null$	$null$	0.600	0.000	96.290	96.890	$null$	223.259
85.000	Rural	2010.000	41.276	0.160	690.120	690.280	$null$	$null$	3.670	0.000	94.100	97.770	$null$	229.443
85.000	Rural	2015.000	40.946	0.000	671.640	671.640	105.410	$null$	6.590	0.000	90.890	97.480	$null$	222.158
87.000	Rural	1985.000	22.830	193.960	144.520	338.480	186.540	67.500	41.740	$null$	97.390	139.130	0.000	95.016
87.000	Rural	1990.000	21.940	174.860	121.490	296.350	173.370	56.130	43.720	$null$	102.040	145.760	0.000	75.538
87.000	Rural	1995.000	23.730	172.000	147.750	319.750	177.350	66.230	40.400	0.000	94.320	134.720	0.000	87.731
87.000	Rural	2000.000	27.170	104.280	173.340	277.620	$null$	$null$	87.980	0.000	78.640	166.620	$null$	52.186
87.000	Rural	2005.000	27.995	1.260	173.930	175.190	$null$	$null$	88.740	0.000	56.330	145.070	$null$	11.983
87.000	Rural	2010.000	28.159	12.730	152.490	165.220	$null$	$null$	95.170	0.000	42.030	137.200	$null$	10.657
87.000	Rural	2015.000	28.360	13.180	109.430	122.610	91.590	$null$	87.560	0.000	22.140	109.700	$null$	3.456
89.000	Frontier	1985.000	22.210	27.820	275.800	303.620	126.510	112.540	1.260	$null$	61.870	63.130	0.000	95.980
89.000	Frontier	1990.000	20.190	33.100	312.010	345.110	96.400	171.000	1.230	$null$	60.100	61.330	0.000	112.557
89.000	Frontier	1995.000	20.790	14.890	402.640	417.530	177.810	146.150	1.290	0.000	63.120	64.410	0.000	137.610
89.000	Frontier	2000.000	20.310	7.690	270.600	278.290	$null$	$null$	0.000	0.350	63.960	64.310	$null$	84.810
89.000	Frontier	2005.000	19.495	19.020	365.130	384.150	$null$	$null$	0.850	3.000	63.770	67.620	$null$	125.314
89.000	Frontier	2010.000	18.831	19.050	412.380	431.430	$null$	$null$	2.700	2.350	60.320	65.370	$null$	143.414
89.000	Frontier	2015.000	18.343	10.910	338.160	349.070	78.850	$null$	4.900	2.260	50.220	57.380	$null$	113.782
91.000	Frontier	1985.000	2.010	0.000	56.120	56.120	13.100	3.000	0.000	$null$	16.720	16.720	0.000	14.147
91.000	Frontier	1990.000	2.300	0.000	52.410	52.410	9.400	12.580	0.000	$null$	14.190	14.190	0.000	13.483
91.000	Frontier	1995.000	3.030	0.000	56.560	56.560	11.780	19.800	0.000	0.000	14.930	14.930	0.000	14.834
91.000	Frontier	2000.000	3.740	0.000	81.330	81.330	$null$	$null$	0.000	0.000	16.810	16.810	$null$	23.633
91.000	Frontier	2005.000	4.260	0.000	103.080	103.080	$null$	$null$	0.100	0.000	14.530	14.630	$null$	32.461
91.000	Frontier	2010.000	4.436	0.000	103.600	103.600	$null$	$null$	0.170	0.000	15.870	16.040	$null$	32.240
91.000	Frontier	2015.000	4.691	0.020	94.240	94.260	13.970	$null$	0.130	0.000	14.640	14.770	$null$	29.091
93.000	Frontier	1985.000	6.060	0.000	28.820	28.820	13.550	11.530	0.080	$null$	21.100	21.180	0.000	2.542
93.000	Frontier	1990.000	7.170	0.000	20.180	20.180	10.020	7.870	0.050	$null$	14.280	14.330	0.000	1.277
93.000	Frontier	1995.000	10.590	0.000	7.080	7.080	3.090	2.760	0.030	0.000	8.270	8.300	0.000	-1.910
93.000	Frontier	2000.000	14.520	0.000	26.300	26.300	$null$	$null$	0.000	0.000	16.250	16.250	$null$	3.034
93.000	Frontier	2005.000	16.949	0.000	19.430	19.430	$null$	$null$	0.000	0.000	3.030	3.030	$null$	4.285
93.000	Frontier	2010.000	16.206	0.000	22.160	22.160	$null$	$null$	0.000	0.000	5.830	5.830	$null$	4.501
93.000	Frontier	2015.000	16.510	0.000	33.640	33.640	0.220	$null$	0.000	0.000	0.890	0.890	$null$	10.269
95.000	Frontier	1985.000	4.530	90.690	1.070	91.760	72.940	4.960	46.790	$null$	24.110	70.900	0.000	13.452
95.000	Frontier	1990.000	4.190	99.820	0.960	100.780	91.350	4.120	56.180	$null$	28.950	85.130	0.000	12.360
95.000	Frontier	1995.000	4.310	83.410	0.740	84.150	76.300	3.440	49.750	0.000	25.630	75.380	0.000	8.403
95.000	Frontier	2000.000	4.480	127.480	1.720	129.200	$null$	$null$	72.030	0.000	9.130	81.160	$null$	24.553
95.000	Frontier	2005.000	4.586	81.960	0.110	82.070	$null$	$null$	63.380	0.000	3.480	66.860	$null$	8.471
95.000	Frontier	2010.000	4.442	57.330	0.060	57.390	$null$	$null$	64.460	0.000	2.230	66.690	$null$	-2.761
95.000	Frontier	2015.000	4.349	73.560	0.060	73.620	53.390	$null$	66.330	0.000	1.800	68.130	$null$	3.955
97.000	Rural	1985.000	12.140	0.000	62.090	62.090	11.810	14.340	0.500	$null$	16.220	16.720	0.000	16.344
97.000	Rural	1990.000	12.660	0.000	73.230	73.230	16.110	21.970	0.470	$null$	15.120	15.590	0.000	20.879
97.000	Rural	1995.000	13.590	0.000	39.480	39.480	6.910	11.840	0.420	0.000	13.360	13.780	0.200	8.678
97.000	Rural	2000.000	14.870	0.000	38.790	38.790	$null$	$null$	0.000	0.000	12.030	12.030	$null$	8.973
97.000	Rural	2005.000	14.914	0.000	130.930	130.930	$null$	$null$	0.220	0.000	13.290	13.510	$null$	43.281
97.000	Rural	2010.000	17.148	0.000	116.370	116.370	$null$	$null$	3.750	0.000	5.970	9.720	$null$	38.497
97.000	Rural	2015.000	17.787	0.000	117.310	117.310	11.710	$null$	4.330	0.000	6.820	11.150	$null$	38.371
99.000	Frontier	1985.000	14.140	117.820	327.680	445.500	191.520	141.080	17.210	$null$	96.540	113.750	0.000	139.779
99.000	Frontier	1990.000	13.350	114.000	215.000	329.000	171.000	158.000	14.300	$null$	80.810	95.110	0.000	101.282
99.000	Frontier	1995.000	13.590	139.700	538.190	677.890	305.960	205.600	18.880	0.000	105.890	124.770	0.000	225.709
99.000	Frontier	2000.000	14.480	87.450	332.470	419.920	$null$	$null$	12.210	0.100	97.430	109.740	$null$	129.597
99.000	Frontier	2005.000	13.892	27.470	360.270	387.740	$null$	$null$	1.440	0.160	99.850	101.450	$null$	116.576
99.000	Frontier	2010.000	12.551	39.230	104.570	143.800	$null$	$null$	45.530	0.420	100.990	146.940	$null$	7.374
99.000	Frontier	2015.000	11.954	32.290	78.100	110.390	104.000	$null$	40.750	0.050	70.800	111.600	$null$	4.947
101.000	Rural	1985.000	127.020	25.290	125.880	151.170	64.560	52.360	5.500	$null$	31.140	36.640	0.000	45.505
101.000	Rural	1990.000	123.050	38.010	63.210	101.220	54.010	23.100	5.620	$null$	31.820	37.440	0.000	27.369
101.000	Rural	1995.000	129.760	18.630	112.380	131.010	58.740	41.950	4.370	0.000	24.770	29.140	0.000	39.705
101.000	Rural	2000.000	141.470	7.030	122.780	129.810	$null$	$null$	1.780	0.050	31.400	33.230	$null$	37.494
101.000	Rural	2005.000	151.322	11.630	165.860	177.490	$null$	$null$	2.890	0.010	28.030	30.930	$null$	56.362
101.000	Rural	2010.000	159.063	14.660	139.770	154.430	$null$	$null$	7.200	0.210	25.600	33.010	$null$	46.864
101.000	Rural	2015.000	163.591	8.310	257.220	265.530	32.660	$null$	5.460	0.180	26.310	31.950	$null$	88.795
103.000	Frontier	1985.000	6.020	0.730	194.970	195.700	35.540	35.540	0.850	$null$	31.590	32.440	0.000	62.198
103.000	Frontier	1990.000	5.970	0.970	182.350	183.320	40.120	40.200	0.690	$null$	26.090	26.780	0.000	59.209
103.000	Frontier	1995.000	6.470	0.580	119.650	120.230	27.540	33.560	0.780	0.000	29.020	29.800	0.000	34.489
103.000	Frontier	2000.000	5.990	1.280	213.870	215.150	$null$	$null$	0.000	0.000	32.640	32.640	$null$	69.614
103.000	Frontier	2005.000	5.973	0.010	227.310	227.320	$null$	$null$	0.240	0.000	47.530	47.770	$null$	69.684
103.000	Frontier	2010.000	6.666	0.040	246.900	246.940	$null$	$null$	1.890	0.050	28.890	30.830	$null$	81.845
103.000	Frontier	2015.000	6.571	0.000	135.750	135.750	35.470	$null$	2.400	0.050	30.030	32.480	$null$	39.356
105.000	Frontier	1985.000	11.460	105.970	195.870	301.840	136.650	83.650	33.150	$null$	99.470	132.620	0.000	77.430
105.000	Frontier	1990.000	10.770	163.460	176.350	339.810	149.060	149.900	73.710	$null$	32.990	106.700	0.000	99.102
105.000	Frontier	1995.000	11.260	105.480	294.830	400.310	165.870	135.000	55.090	0.000	69.530	124.620	0.000	114.432
105.000	Frontier	2000.000	12.410	170.150	113.370	283.520	$null$	$null$	113.990	0.000	29.260	143.250	$null$	63.263
105.000	Frontier	2005.000	12.227	0.010	535.140	535.150	$null$	$null$	70.860	0.050	64.980	135.890	$null$	152.367
105.000	Frontier	2010.000	11.982	139.260	437.970	577.230	$null$	$null$	74.140	0.000	40.670	114.810	$null$	184.453
105.000	Frontier	2015.000	11.543	101.670	455.360	557.030	72.160	$null$	74.010	0.000	38.200	112.210	$null$	174.778
107.000	Rural	1985.000	14.670	0.870	161.660	162.530	29.300	30.590	0.310	$null$	44.510	44.820	0.000	46.155
107.000	Rural	1990.000	14.090	1.760	282.200	283.960	61.880	63.970	0.420	$null$	59.500	59.920	0.000	87.632
107.000	Rural	1995.000	16.710	1.700	292.590	294.290	64.770	82.850	0.420	0.000	59.490	59.910	0.000	91.528
107.000	Rural	2000.000	19.690	1.790	262.270	264.060	$null$	$null$	0.000	0.000	48.550	48.550	$null$	83.479
107.000	Rural	2005.000	21.313	0.020	189.050	189.070	$null$	$null$	1.640	0.000	41.070	42.710	$null$	56.569
107.000	Rural	2010.000	23.509	0.000	191.650	191.650	$null$	$null$	2.230	0.000	47.000	49.230	$null$	55.580
107.000	Rural	2015.000	24.130	0.020	171.610	171.630	47.600	$null$	2.740	0.000	49.600	52.340	$null$	47.067
109.000	Frontier	1985.000	3.950	155.130	297.220	452.350	189.540	103.290	39.150	$null$	114.360	153.510	0.000	131.167
109.000	Frontier	1990.000	4.620	189.580	265.440	455.020	275.040	80.890	69.430	$null$	126.420	195.850	0.000	119.086
109.000	Frontier	1995.000	5.510	144.450	278.250	422.700	173.420	124.100	47.620	0.000	70.010	117.630	0.000	128.669
109.000	Frontier	2000.000	5.920	357.110	289.050	646.160	$null$	$null$	0.000	0.000	209.890	209.890	$null$	207.419
109.000	Frontier	2005.000	7.031	227.400	150.300	377.700	$null$	$null$	71.440	0.000	51.260	122.700	$null$	113.801
109.000	Frontier	2010.000	6.108	155.800	113.670	269.470	$null$	$null$	71.440	0.000	53.430	124.870	$null$	66.958
109.000	Frontier	2015.000	6.251	110.540	255.760	366.300	84.050	$null$	68.560	0.000	70.080	138.640	$null$	96.407
111.000	Frontier	1985.000	0.790	0.000	0.000	0.000	0.000	0.000	0.000	$null$	0.000	0.000	0.000	-2.164
111.000	Frontier	1990.000	0.750	0.000	0.000	0.000	0.000	0.000	0.000	$null$	0.000	0.000	0.000	-2.164
111.000	Frontier	1995.000	0.550	0.000	0.000	0.000	0.000	0.000	0.000	0.000	0.000	0.000	0.000	-2.164
111.000	Frontier	2000.000	0.560	0.000	0.000	0.000	$null$	$null$	0.000	0.000	0.000	0.000	$null$	-2.164
111.000	Frontier	2005.000	0.577	0.000	0.000	0.000	$null$	$null$	0.000	0.000	0.000	0.000	$null$	-2.164
111.000	Frontier	2010.000	0.699	0.000	0.000	0.000	$null$	$null$	0.000	0.000	0.000	0.000	$null$	-2.164
111.000	Frontier	2015.000	0.701	0.000	0.000	0.000	0.000	$null$	0.000	0.000	0.000	0.000	$null$	-2.164
113.000	Rural	1985.000	3.510	0.000	47.960	47.960	14.560	3.230	0.450	$null$	10.840	11.290	0.000	12.598
113.000	Rural	1990.000	3.650	0.000	30.630	30.630	15.860	8.280	0.500	$null$	11.970	12.470	0.000	5.711
113.000	Rural	1995.000	4.930	0.000	61.890	61.890	23.700	16.630	0.850	0.000	20.300	21.150	0.000	14.942
113.000	Rural	2000.000	6.590	0.000	9.090	9.090	$null$	$null$	0.000	0.000	1.860	1.860	$null$	0.724
113.000	Rural	2005.000	7.213	0.000	25.560	25.560	$null$	$null$	1.280	0.000	18.210	19.490	$null$	1.670
113.000	Rural	2010.000	7.359	0.000	36.790	36.790	$null$	$null$	1.260	0.000	19.440	20.700	$null$	5.557
113.000	Rural	2015.000	7.879	0.000	47.090	47.090	24.380	$null$	1.500	0.000	21.720	23.220	$null$	8.684
115.000	Frontier	1985.000	3.120	78.010	39.370	117.380	62.180	19.660	19.370	$null$	35.810	55.180	0.000	29.784
115.000	Frontier	1990.000	2.690	57.400	36.090	93.490	61.440	16.670	18.290	$null$	33.810	52.100	0.000	20.238
115.000	Frontier	1995.000	2.610	51.850	41.860	93.710	57.780	18.660	18.990	0.000	35.080	54.070	0.000	19.254
115.000	Frontier	2000.000	2.750	61.990	49.670	111.660	$null$	$null$	33.270	0.000	27.340	60.610	$null$	23.299
115.000	Frontier	2005.000	2.529	37.780	41.950	79.730	$null$	$null$	27.230	0.000	16.050	43.280	$null$	15.144
115.000	Frontier	2010.000	2.379	15.080	45.570	60.650	$null$	$null$	31.880	0.000	16.150	48.030	$null$	4.342
115.000	Frontier	2015.000	2.399	38.800	34.790	73.590	36.310	$null$	36.100	0.000	7.350	43.450	$null$	11.869
117.000	Rural	1985.000	13.670	0.000	27.870	27.870	4.670	6.800	0.000	$null$	6.630	6.630	0.000	6.423
117.000	Rural	1990.000	12.880	0.000	30.690	30.690	7.410	9.210	0.000	$null$	11.080	11.080	0.000	6.193
117.000	Rural	1995.000	17.200	0.000	23.480	23.480	4.490	7.040	0.000	0.000	5.100	5.100	0.000	5.211
117.000	Rural	2000.000	23.550	0.000	0.000	0.000	$null$	$null$	0.000	0.000	0.000	0.000	$null$	-2.164
117.000	Rural	2005.000	24.892	0.170	59.260	59.430	$null$	$null$	0.380	0.000	5.850	6.230	$null$	18.417
117.000	Rural	2010.000	27.994	0.040	60.590	60.630	$null$	$null$	0.410	0.000	4.810	5.220	$null$	19.150
117.000	Rural	2015.000	30.257	0.020	50.100	50.120	6.530	$null$	0.790	0.000	5.030	5.820	$null$	14.967
119.000	Rural	1985.000	10.630	0.000	0.000	0.000	0.000	0.000	0.000	$null$	1.460	1.460	0.000	-2.589
119.000	Rural	1990.000	12.470	0.270	1.160	1.430	0.890	0.540	0.000	$null$	1.390	1.390	0.000	-2.009
119.000	Rural	1995.000	17.480	0.070	0.430	0.500	0.240	0.160	0.000	0.000	1.260	1.260	0.000	-2.337
119.000	Rural	2000.000	20.560	0.000	2.950	2.950	$null$	$null$	0.000	0.000	1.810	1.810	$null$	-1.578
119.000	Rural	2005.000	21.918	0.000	3.680	3.680	$null$	$null$	0.100	0.000	0.610	0.710	$null$	-0.993
119.000	Rural	2010.000	23.350	0.000	4.100	4.100	$null$	$null$	0.100	0.000	0.940	1.040	$null$	-0.931
119.000	Rural	2015.000	23.385	0.000	2.480	2.480	0.700	$null$	0.100	0.000	0.980	1.080	$null$	-1.554
121.000	Frontier	1985.000	5.350	44.850	3.070	47.920	35.610	3.470	30.310	$null$	10.100	40.410	0.000	4.166
121.000	Frontier	1990.000	4.810	44.560	2.750	47.310	38.140	2.710	30.680	$null$	10.230	40.910	0.000	3.727
121.000	Frontier	1995.000	4.690	41.670	2.580	44.250	35.580	2.580	27.500	0.000	9.160	36.660	0.000	3.945
121.000	Frontier	2000.000	4.930	57.920	5.650	63.570	$null$	$null$	46.310	0.000	7.790	54.100	$null$	5.293
121.000	Frontier	2005.000	4.633	43.910	6.090	50.000	$null$	$null$	35.360	0.000	7.170	42.530	$null$	3.702
121.000	Frontier	2010.000	4.814	57.130	13.530	70.660	$null$	$null$	39.550	0.000	6.980	46.530	$null$	10.861
121.000	Frontier	2015.000	4.864	40.740	5.440	46.180	24.050	$null$	33.110	0.000	4.880	37.990	$null$	3.593
123.000	Rural	1985.000	136.580	328.780	966.750	1295.530	648.530	403.140	42.510	$null$	385.880	428.390	1.500	382.031
123.000	Rural	1990.000	131.820	353.140	955.610	1308.750	695.410	390.340	43.540	$null$	395.130	438.670	1.470	385.745
123.000	Rural	1995.000	148.010	245.210	860.530	1105.740	531.340	347.860	36.510	0.000	331.260	367.770	1.470	322.442
123.000	Rural	2000.000	180.940	137.960	882.460	1020.420	$null$	$null$	64.820	0.600	336.700	402.120	$null$	269.236
123.000	Rural	2005.000	228.943	0.110	404.780	404.890	$null$	$null$	153.610	0.000	238.580	392.190	$null$	19.497
123.000	Rural	2010.000	252.825	7.930	409.510	417.440	$null$	$null$	153.720	0.000	238.580	392.300	$null$	24.775
123.000	Rural	2015.000	285.174	24.450	341.900	366.350	269.580	$null$	167.530	0.000	127.350	294.880	$null$	33.531
125.000	Frontier	1985.000	9.960	277.880	4.480	282.360	229.740	15.690	214.580	$null$	37.870	252.450	0.000	27.987
125.000	Frontier	1990.000	8.950	320.260	4.430	324.690	301.690	13.430	252.000	$null$	44.470	296.470	0.000	30.183
125.000	Frontier	1995.000	9.260	263.540	3.390	266.930	248.090	11.020	226.630	0.000	40.000	266.630	0.000	15.626
125.000	Frontier	2000.000	9.840	313.840	5.950	319.790	$null$	$null$	242.770	0.000	0.320	243.090	$null$	44.398
125.000	Frontier	2005.000	9.789	336.190	7.790	343.980	$null$	$null$	260.500	0.000	1.000	261.500	$null$	47.880
125.000	Frontier	2010.000	10.043	210.410	1.690	212.100	$null$	$null$	258.610	0.000	0.850	259.460	$null$	-10.521
125.000	Frontier	2015.000	10.146	321.570	1.510	323.080	220.280	$null$	241.870	0.000	3.700	245.570	$null$	45.599
